sepal_length,sepal_width,petal_length,petal_width,specific_predict,proba
5.5,2.5,4.0,1.3,versicolor,0.9704955676846286
6.9,3.1,5.1,2.3,virginica,0.969935411891965
5.1,2.5,3.0,1.1,versicolor,0.955093257213603
4.4,2.9,,0.2,setosa,0.6262021968822208
5.9,3.0,5.1,1.8,virginica,0.779319649082406
5.5,3.5,1.3,0.2,setosa,0.9577614164824632
5.6,,3.6,1.3,versicolor,0.9430256708634905
6.5,3.0,5.2,2.0,virginica,0.9544071216785648
5.3,3.7,1.5,0.2,setosa,0.9630079186451
5.1,3.4,1.5,,setosa,0.8076911091014827
6.1,2.8,4.0,1.3,versicolor,0.9808625481030933
5.5,2.4,3.7,1.0,versicolor,0.9810127469168545
7.7,3.0,6.1,2.3,virginica,0.9650653235637583
6.9,3.1,4.9,1.5,versicolor,0.7544849614661987
6.0,2.2,5.0,1.5,versicolor,0.5907026781192475
