Id,SalePricePred
1461,110944.83020661263
1462,157530.30444460674
1463,178437.99259949886
1464,192217.7132753777
1465,210065.28187863683
1466,168408.76395612248
1467,187713.53445341898
1468,160186.34069709296
1469,209286.14440000968
1470,112635.95457471836
1471,185537.8994790935
1472,96470.19678204264
1473,92971.10846406555
1474,144842.8969467047
1475,104543.0269333921
1476,355666.40120605053
1477,241764.47693499445
1478,312084.45609305135
1479,299344.9264716373
1480,471179.4089097592
1481,313320.7681379237
1482,208033.33296674967
1483,177617.27123499927
1484,150987.4576246122
1485,180550.71994571056
1486,198647.0531051618
1487,311898.4287160211
1488,239002.89422444615
1489,188222.95396402228
1490,248975.15074208064
1491,194436.86038939445
1492,83845.8058211885
1493,203469.30925028067
1494,290445.1424164986
1495,290748.0911470349
1496,239281.59638231792
1497,184698.3948681776
1498,159246.74602528216
1499,161641.35299185556
1500,156008.2593784344
1501,198517.099248406
1502,147506.25458782
1503,267550.1013598961
1504,235595.66913909104
1505,227284.8889531592
1506,190209.38291860034
1507,251360.42823621794
1508,190899.73092544376
1509,156638.04471638313
1510,140994.16166754963
1511,148171.7366222893
1512,184063.7347007111
1513,149714.79368646638
1514,161468.44757711515
1515,212487.50309156167
1516,161037.5094529069
1517,180164.47864996266
1518,124822.79093913228
1519,220557.56635705288
1520,122630.0314876211
1521,127521.39454501097
1522,189325.6100056285
1523,100913.86952609762
1524,120158.50532678039
1525,113575.49834426482
1526,99414.81365151727
1527,89295.57453850715
1528,143180.31671776663
1529,156043.7989158205
1530,200966.40788642838
1531,118135.13823495505
1532,101268.69872793673
1533,164668.66813327183
1534,123101.8733557048
1535,165584.46551665035
1536,103667.2567506428
1537,36196.31034461045
1538,159162.99684177333
1539,201897.29936922592
1540,115345.88993333178
1541,133491.3225090158
1542,156778.33396065095
1543,191012.33335334738
1544,88832.76831947941
1545,127820.27628423444
1546,137544.66130369078
1547,138987.49234965854
1548,148731.0668136858
1549,121103.67028704724
1550,136429.4588959262
1551,120744.07311528681
1552,137036.90923285182
1553,147031.25988805387
1554,121099.84999856251
1555,164301.6402244922
1556,68168.83295593517
1557,104301.17436509475
1558,96503.32248668927
1559,83811.77434306934
1560,137387.05454575323
1561,133923.64693346922
1562,125438.08585573855
1563,120224.13200679397
1564,160744.22288437112
1565,144839.37335208053
1566,246066.79303074
1567,64452.63919664889
1568,223021.5338949637
1569,117564.95278065743
1570,131978.40142511946
1571,122964.95555027953
1572,154119.48119727444
1573,251446.9167204576
1574,129372.89945418661
1575,236941.95613432606
1576,237153.48547992302
1577,176347.32722936524
1578,131258.0557085073
1579,141632.5662604384
1580,189720.9826787231
1581,155356.62530263522
1582,128962.45539472142
1583,284974.93250035914
1584,219243.20581213094
1585,140920.99318018177
1586,48804.20983852852
1587,103737.57806370164
1588,172846.8718999276
1589,105026.1896085725
1590,141022.8817545597
1591,90607.64967378188
1592,121028.85827257836
1593,118716.44797575862
1594,156738.2089319241
1595,109194.43567361389
1596,232168.69706278713
1597,196744.61820090562
1598,210679.6633540021
1599,187309.54048969448
1600,160723.05064621632
1601,41601.00687837067
1602,105250.50880979178
1603,79038.98912260971
1604,292379.7788796939
1605,229887.92328099586
1606,164541.42372879246
1607,169385.1550484569
1608,196579.9437300953
1609,172325.90776136483
1610,144813.34404386644
1611,127595.39487245865
1612,185303.29126961523
1613,158998.74803280502
1614,144617.38007738162
1615,94250.50285047713
1616,68345.15230052896
1617,87551.96329909477
1618,117653.27057714475
1619,138594.3706836712
1620,159348.02100594423
1621,132308.22218428666
1622,139017.41601471134
1623,264407.30840864306
1624,212786.96689886524
1625,110197.50603799926
1626,178947.122486035
1627,190278.04450074228
1628,284884.3482424052
1629,168963.81757715833
1630,359160.42131243506
1631,237125.51945549416
1632,252350.61203288642
1633,166323.99041083615
1634,185900.6853628251
1635,173403.13539271906
1636,148967.10475582955
1637,196250.15224036272
1638,195999.36446395458
1639,179569.08729906764
1640,251496.03425026263
1641,177705.61191308088
1642,258275.91894641408
1643,223148.05781892047
1644,229197.93618093675
1645,213360.66862604237
1646,153267.9934364096
1647,153537.1596270352
1648,123339.05647571485
1649,134126.04731300898
1650,117248.15882919508
1651,115070.50460275948
1652,99396.73760064304
1653,101953.16344917894
1654,136924.59205912182
1655,130032.34247784187
1656,133111.08593157787
1657,138113.68200589195
1658,137259.70654633295
1659,111570.81589298807
1660,147891.73779785255
1661,431827.2743639606
1662,369925.3209229266
1663,387330.22995315585
1664,484763.14213452244
1665,334207.9790618309
1666,330494.8824654401
1667,365061.9828102675
1668,357352.9763213246
1669,314597.9321426862
1670,363383.06385033345
1671,268565.7401285434
1672,403635.063198676
1673,280596.7367303458
1674,250623.4515598137
1675,207018.6030693056
1676,204321.5714721741
1677,214731.09252954077
1678,469989.00434726675
1679,386011.563710697
1680,330590.1018994858
1681,286772.4691581335
1682,317746.1323043929
1683,192237.3634792618
1684,179910.2792982943
1685,179203.46832544182
1686,159729.1974240387
1687,175991.40975185594
1688,191984.37787364892
1689,196804.43089578912
1690,195503.48236336838
1691,182502.1681503487
1692,261008.69094343437
1693,176156.4601012282
1694,180879.32341063433
1695,162015.72217990528
1696,265233.694933812
1697,168915.66708736867
1698,332084.27859193325
1699,306433.48068779154
1700,263082.93420448335
1701,276673.5561338778
1702,249221.17608856742
1703,241337.21784188272
1704,276344.2896698208
1705,248892.59949186828
1706,432743.01512530603
1707,217789.57983186975
1708,202068.19892136808
1709,246301.68481484754
1710,216540.76087094212
1711,265823.1079632128
1712,242826.41408197576
1713,280476.3054943779
1714,228973.30798723613
1715,210619.22845089925
1716,182584.30643648232
1717,174515.83686912665
1718,145934.80119400413
1719,222017.1680888307
1720,248497.4865985483
1721,171397.4007526568
1722,135925.4922603201
1723,165070.8599294338
1724,198436.45096093533
1725,228338.5204106269
1726,190165.68109744292
1727,144793.30673043377
1728,185479.60629982644
1729,164182.5168806397
1730,168515.60533196173
1731,117479.54724702286
1732,128481.15607171414
1733,110433.81388681644
1734,117676.21018395314
1735,138375.32101310772
1736,104815.02403297811
1737,306756.31825867755
1738,252899.80230412862
1739,267113.54782915977
1740,203657.12874816312
1741,188468.6517538198
1742,182874.76908722243
1743,178201.54487411783
1744,339088.82596168463
1745,225320.7156660476
1746,229218.49514810077
1747,214073.31709234242
1748,228697.61508530378
1749,149551.6548831383
1750,145300.4450530598
1751,238142.64537474845
1752,106961.20675521396
1753,152135.65026338544
1754,202910.41355509567
1755,166317.20137276436
1756,123687.47562987164
1757,113768.98522089804
1758,144875.58699996566
1759,162554.8394077814
1760,152441.45909333814
1761,159245.51219553518
1762,184087.57654982078
1763,193240.64035427888
1764,99429.0799205061
1765,197731.23914854438
1766,185675.77953379368
1767,223884.30432649492
1768,144218.49391910504
1769,169887.3293011879
1770,149512.0396092785
1771,133637.12470483297
1772,133510.92047063448
1773,116480.89615850082
1774,152794.9431242706
1775,131610.20768549413
1776,118292.77302743738
1777,100959.12265045287
1778,141985.36422971552
1779,101709.25344287098
1780,182986.7511015295
1781,121707.16019220432
1782,69736.35669512078
1783,135373.11755922218
1784,84784.18900732706
1785,132395.17577842504
1786,157581.66789909702
1787,171104.20505198717
1788,43500.6142011207
1789,94576.81335825333
1790,31986.345941443753
1791,207668.78298911982
1792,161877.3252209806
1793,131574.8018390619
1794,166086.3196421858
1795,131528.57472554778
1796,135177.83734918915
1797,132340.87468825432
1798,121413.49491861736
1799,103306.05269828363
1800,125923.21895192913
1801,119492.97129884099
1802,149973.15865518845
1803,160367.9431730652
1804,131803.6115109662
1805,137517.78690978998
1806,134629.95131919475
1807,146886.98735992901
1808,113795.7024554078
1809,120550.13078502147
1810,139902.7152831918
1811,99303.83284884345
1812,100404.7659776826
1813,124361.75190317832
1814,81707.38461779967
1815,31509.625767063393
1816,91033.55503082444
1817,100461.31225570256
1818,177328.30416544422
1819,142536.37625162554
1820,42034.36520105177
1821,128735.54404853616
1822,144343.66126114072
1823,22740.54313303347
1824,138215.43452722678
1825,140904.20878583548
1826,100073.98041472536
1827,97984.46522568402
1828,143195.573043781
1829,137850.04193724334
1830,144229.85730743743
1831,155045.4039609521
1832,82625.91182945004
1833,152112.67017928092
1834,119697.21063694499
1835,125316.34229823144
1836,140471.78242537114
1837,82327.56178595293
1838,121961.49016056683
1839,99637.7204330952
1840,160737.29403378488
1841,142328.47822843303
1842,76729.62348805329
1843,127060.82922121078
1844,139451.81335349003
1845,141285.5445408033
1846,141893.79703402132
1847,172656.5097355072
1848,17449.764119806146
1849,113874.71256114446
1850,112303.91925175555
1851,162474.39362107843
1852,123736.03121074793
1853,119883.49923020684
1854,167569.09303800954
1855,146501.10470225706
1856,217155.57405313727
1857,141464.94265129213
1858,163155.63554052392
1859,119201.07805446797
1860,146156.68188350234
1861,119912.4034426775
1862,295608.33045597124
1863,294119.57757501863
1864,294133.64393267833
1865,346924.9626374015
1866,355820.463239782
1867,221329.34428011335
1868,294057.4962616265
1869,208937.92863057257
1870,220252.00641933124
1871,255956.41470286853
1872,175646.56198755992
1873,224849.89380575536
1874,156300.36351664353
1875,209421.9943801528
1876,195134.93693563674
1877,213074.7445891059
1878,202146.61716050783
1879,119138.38712383444
1880,137320.0383157056
1881,244017.43115354335
1882,242771.2550669715
1883,190808.02389838023
1884,207463.02420273278
1885,253469.61839969235
1886,295111.4901448408
1887,216096.5395828259
1888,259614.06911042932
1889,169907.77479062107
1890,108047.02782807781
1891,143570.62574887043
1892,90838.9822241079
1893,143083.36091568015
1894,119107.84535938696
1895,141452.2171409288
1896,129712.44567613477
1897,109147.45813426748
1898,115589.09800347635
1899,164330.09586156602
1900,156068.60084431738
1901,171925.33876636266
1902,165570.02507468077
1903,221304.68512495924
1904,168280.5127554652
1905,200843.06387046134
1906,164788.5560550014
1907,239206.6843062104
1908,108951.74961005509
1909,138507.3947570603
1910,120073.99212573365
1911,226783.29838370957
1912,331344.925864251
1913,160906.7936387101
1914,57353.86791048481
1915,337247.5555873058
1916,31896.847026052026
1917,237658.20951166237
1918,133459.52798208207
1919,174982.53409915464
1920,166365.72192407292
1921,385993.64888298884
1922,342965.7351407411
1923,229805.20177728747
1924,215913.76793406345
1925,208599.59134195285
1926,382384.11708436394
1927,125770.03250990399
1928,151466.49546276743
1929,118949.9080180839
1930,125920.58053325761
1931,130924.95281727964
1932,133627.6302159843
1933,192000.78425271052
1934,184005.0667251625
1935,164496.15763095717
1936,208679.86498261106
1937,175742.68461664236
1938,174047.85665246862
1939,269738.39373881335
1940,211526.51564265438
1941,171911.67209964458
1942,182464.06825113672
1943,235269.78078467833
1944,371465.2071309214
1945,408433.3057596386
1946,151647.65350243857
1947,359785.61325518135
1948,164204.83226195138
1949,247415.65061630512
1950,189883.07497685595
1951,248996.48618123413
1952,213336.64761026693
1953,167645.50193321833
1954,187795.52519588507
1955,130329.50087294065
1956,292051.2140716006
1957,149838.51612396707
1958,273247.05109461606
1959,140987.43401426892
1960,103485.83797122829
1961,110146.80597986888
1962,96652.04499506817
1963,111249.1017397866
1964,105387.33920102536
1965,138497.4969692806
1966,134187.7022450239
1967,287666.42646364315
1968,417697.769061491
1969,397963.434703488
1970,410463.61131230136
1971,449769.3952296887
1972,363122.4957658309
1973,287047.2947365098
1974,335830.30906001007
1975,481985.3360929438
1976,276772.82347582106
1977,364727.94274436333
1978,347154.8877405908
1979,314638.56284561264
1980,194095.46342434152
1981,350904.05633429426
1982,213672.8682869328
1983,196522.84713530526
1984,188214.40786607916
1985,226504.29492511263
1986,206365.3257403826
1987,194754.71996823547
1988,174972.91850347613
1989,197378.15135010553
1990,211988.28822687585
1991,220807.00478982835
1992,229831.6529507322
1993,174486.02336912413
1994,247071.93151217487
1995,182570.943402218
1996,282069.99051031144
1997,327336.7690579392
1998,318589.7575145098
1999,281847.18944742356
2000,311588.92475294427
2001,278072.75294091867
2002,259849.4061706883
2003,249563.86881004
2004,265514.6811976804
2005,242361.184185714
2006,208931.3914404089
2007,247088.31686459508
2008,210974.19083411945
2009,197727.20907959438
2010,194990.45785026584
2011,150643.7791343713
2012,177175.17299832363
2013,175699.90215303365
2014,186995.71447215922
2015,202667.66256461767
2016,193127.75526919108
2017,194383.00522635895
2018,109857.32359200277
2019,139267.37942690137
2020,106403.32320830131
2021,100964.65907255866
2022,183890.7991782338
2023,150412.57914090352
2024,291025.77622654976
2025,352224.8719054678
2026,168510.65912707112
2027,154480.14937937036
2028,166363.19170973936
2029,171152.4946440048
2030,264401.0711646763
2031,236379.45484029205
2032,264655.1062685038
2033,258902.48973492603
2034,177781.52662023396
2035,227010.8857982208
2036,207156.0562635524
2037,211634.2449041499
2038,324740.7380206111
2039,220022.70293348384
2040,302397.72107872635
2041,306551.13358449726
2042,208324.8982339091
2043,172622.9231956724
2044,177651.7082301512
2045,203081.0865902061
2046,138690.08969120926
2047,153818.55469799522
2048,137567.5431889624
2049,137140.10067488652
2050,173754.8073511481
2051,94387.01455868159
2052,122201.5271623739
2053,142517.02553645245
2054,85369.61636519285
2055,162920.37133337927
2056,139530.04296008465
2057,107903.27398930847
2058,214238.0473477866
2059,122650.13712149348
2060,171322.9607581556
2061,193139.2053232236
2062,124231.4632057072
2063,103639.74390384128
2064,127852.39704851389
2065,112765.64187650829
2066,171377.73941354873
2067,117066.12671758096
2068,143319.39184234772
2069,82750.85194582985
2070,109125.12321891711
2071,79540.72714604353
2072,134841.3767007872
2073,136282.8681182283
2074,174619.3121746497
2075,159921.7255526271
2076,117841.9975210831
2077,154605.6593906911
2078,126237.97108932665
2079,137062.35344269796
2080,114793.77404170245
2081,124522.82304516868
2082,149137.84814302914
2083,151177.38221587052
2084,97891.39779486308
2085,112242.13913108171
2086,136611.7417905838
2087,133459.21632477018
2088,91870.30752994903
2089,60191.68193264483
2090,125891.92640552981
2091,82541.1629380879
2092,123069.9681947075
2093,159371.16530567428
2094,108766.52580451319
2095,130315.90826710431
2096,71197.22674693631
2097,92458.99854328342
2098,157263.6606596375
2099,30590.859131973077
2100,71680.08536705209
2101,95929.01403668204
2102,137659.49011857304
2103,81746.16421885864
2104,151898.60686621183
2105,134138.18295017575
2106,32202.69029704151
2107,200930.2976063389
2108,116780.19278215696
2109,103526.71593690477
2110,131632.76641710952
2111,166975.1073799111
2112,141570.63240058022
2113,132037.0901224634
2114,124276.67146400029
2115,171165.14921888948
2116,118945.97483714874
2117,151866.26406939144
2118,123306.98083820571
2119,116603.37509979353
2120,112951.31498747572
2121,117644.61321468436
2122,105096.58239463382
2123,80754.1703189631
2124,180522.30205049983
2125,143442.2867686703
2126,139382.56554652087
2127,179182.73601822468
2128,139519.56717819202
2129,100297.33187156983
2130,144598.56926732455
2131,162192.57927466484
2132,109689.94858108851
2133,120735.77416490996
2134,113572.64361031074
2135,90857.24512474805
2136,49755.19785928876
2137,114371.35644438579
2138,140131.93554723752
2139,145678.4782804788
2140,142765.7434267911
2141,163443.59590697451
2142,124077.33613916358
2143,138331.18078285217
2144,126319.51481856676
2145,145302.49869008383
2146,192616.55404222794
2147,147059.52133522127
2148,136213.97788251154
2149,154816.87228958856
2150,225385.61732902125
2151,125689.84419135412
2152,199134.767425294
2153,182720.66886049265
2154,103831.30417881387
2155,141490.72392533382
2156,264850.31528969266
2157,230100.63529805362
2158,227501.14147676693
2159,213532.998052135
2160,176301.77513976087
2161,232830.18122325593
2162,384376.26175440534
2163,348743.5123826808
2164,245940.6606992485
2165,210539.26689606276
2166,163934.1869829034
2167,231058.10302433622
2168,197342.11169374222
2169,199717.50311165745
2170,218846.10148285644
2171,167166.82333053654
2172,140693.9972397392
2173,164101.16959293454
2174,225179.80831546462
2175,267926.60013731365
2176,308573.224858218
2177,236015.15751980786
2178,210651.9672854286
2179,143580.7379935134
2180,244113.448939753
2181,195785.44436325703
2182,221300.37549972394
2183,191998.8383193255
2184,126921.19645729267
2185,140580.32832638474
2186,158908.77746874923
2187,154762.8550903213
2188,161654.6753183717
2189,328930.40726438916
2190,69269.43234048631
2191,61029.8836590743
2192,78987.7350394675
2193,121983.06704282426
2194,101054.99074041806
2195,100355.60621245949
2196,120401.67403891943
2197,109874.46319725315
2198,154898.35077601898
2199,176016.1232567744
2200,149335.71917568968
2201,143216.03908096967
2202,203943.43559919935
2203,139938.3555440722
2204,181617.68450894897
2205,125673.27047122727
2206,145047.3278426779
2207,217781.71198784356
2208,252475.54803602822
2209,242746.50310503822
2210,114844.68419955607
2211,117176.18283178128
2212,121515.91654213937
2213,103619.1135919527
2214,143386.82044983946
2215,90137.2324730316
2216,160694.59836228762
2217,54773.17777039419
2218,87627.4262957901
2219,72950.06631541312
2220,68393.81316238659
2221,337979.4646775531
2222,307882.01217490586
2223,286790.2773640647
2224,205498.88572512165
2225,126417.50658590966
2226,194903.4310778624
2227,195804.31182682878
2228,278307.81887223804
2229,233463.54732631752
2230,144517.7073217453
2231,201833.24904880303
2232,172663.5207961601
2233,184864.31248033588
2234,242416.8610035801
2235,243036.96469142596
2236,250421.51097675372
2237,311469.6911120793
2238,208743.8712166829
2239,126662.99519375703
2240,166794.5705333046
2241,139789.55839698296
2242,124144.93155325436
2243,129902.07124704501
2244,101443.29062550951
2245,108074.58871069449
2246,142061.68673854147
2247,127722.07717404395
2248,123962.16095267258
2249,114466.8615802467
2250,125891.19990276403
2251,98142.2452474359
2252,190130.7221031891
2253,150166.5006943461
2254,164633.88318877958
2255,198448.85831838637
2256,182070.48414419804
2257,217133.49507907097
2258,154622.72220181228
2259,171354.75148635491
2260,157275.9120854811
2261,220402.6760401001
2262,247069.94917866908
2263,375121.7190915876
2264,434264.67163702927
2265,180305.76051996936
2266,323444.03717966983
2267,395699.13104688836
2268,424566.36437832087
2269,153795.39448624259
2270,185838.90589444397
2271,209136.71062525484
2272,205730.0595225508
2273,154801.33124116043
2274,174810.10219353385
2275,154358.04154709118
2276,193162.48341147363
2277,192016.5572341659
2278,149050.7116901017
2279,124562.96676263426
2280,113500.22735559358
2281,158534.8051442546
2282,172717.5189837532
2283,114556.3938889131
2284,128900.06685709752
2285,137801.46492172088
2286,118571.77453864068
2287,384476.573578671
2288,279825.270020859
2289,334754.80606847734
2290,434152.3283400015
2291,328264.23282205965
2292,418109.67185461416
2293,453920.9145008175
2294,384598.4595241768
2295,439712.2647179533
2296,264856.88549165905
2297,365244.9371077617
2298,365819.8519071232
2299,354963.294198417
2300,328818.212679717
2301,309754.1380062495
2302,262284.9076318665
2303,246999.20828784347
2304,244954.28959204338
2305,204614.00142610967
2306,207453.9726259046
2307,210498.94009830256
2308,219002.120886566
2309,310777.0502841746
2310,195092.30276740732
2311,217515.00225368672
2312,174291.22074491513
2313,179845.2851857755
2314,175529.51553796875
2315,176336.59585197494
2316,202590.43454190705
2317,198531.48899947858
2318,178524.99295464606
2319,177530.75514651812
2320,179474.87392325484
2321,237559.98939994036
2322,181579.63418261605
2323,200098.26617948303
2324,178001.71725514467
2325,207833.54086184682
2326,168052.27310289448
2327,204121.92405144952
2328,225785.5451056367
2329,191344.34660285388
2330,181975.7780895722
2331,335882.18405830243
2332,391116.6998066148
2333,317118.1479541408
2334,271267.8108597561
2335,287593.77314533596
2336,319310.99808538717
2337,205902.33085898
2338,256453.71662771754
2339,226033.51897059492
2340,392843.70824211277
2341,207853.51782131015
2342,238951.77302102686
2343,230087.60120907627
2344,235387.57016213058
2345,235247.10990814754
2346,204502.7376103082
2347,195211.92880086263
2348,233039.8294772732
2349,185917.43835174115
2350,298651.2058898603
2351,274860.27212794835
2352,250415.00389188936
2353,256889.8853243084
2354,141046.0269715093
2355,157428.52421823126
2356,163710.365016805
2357,192395.09731506347
2358,196613.39710380812
2359,118697.2435631432
2360,110677.72331854289
2361,151231.01540864294
2362,261404.3699731343
2363,157063.4499764649
2364,180150.73896319952
2365,214464.8710507605
2366,174075.17956994518
2367,203743.2873112838
2368,217154.6124193114
2369,197979.8865601503
2370,169488.34772179046
2371,174032.75761417093
2372,195912.78815981248
2373,282706.5918844938
2374,304781.76031723
2375,238900.2084120905
2376,295686.9480617889
2377,342660.4176255715
2378,134412.32471692978
2379,232217.9557881403
2380,150299.1362125871
2381,161392.8940440508
2382,193678.86552474092
2383,192515.61919595746
2384,235731.31316593976
2385,157561.00829669568
2386,122987.19614140595
2387,130452.52917912662
2388,94097.57271400411
2389,111146.68376140317
2390,131221.83655999615
2391,135014.258250098
2392,106445.83782859557
2393,161614.21683291145
2394,141091.70486515725
2395,211157.50457668438
2396,135559.0567419876
2397,221407.9358227457
2398,111708.59899656069
2399,58343.42568660076
2400,55784.95476051018
2401,125936.54362977881
2402,128313.9456245231
2403,136659.908959447
2404,141959.02314242124
2405,155377.43264902066
2406,137218.44984774425
2407,120401.51483482042
2408,143668.47887417875
2409,103388.21813341435
2410,188965.0234390053
2411,103470.51870318102
2412,155081.9209118078
2413,122326.9816621245
2414,165079.22673953546
2415,127253.69058279578
2416,124641.64376200314
2417,122634.457420914
2418,124515.14936376826
2419,118973.01780310593
2420,112224.8068901062
2421,153717.11784421693
2422,98046.53729152163
2423,109145.66510105456
2424,159263.77445081875
2425,215203.57842862883
2426,134402.9973677822
2427,130022.29493720073
2428,171052.789685103
2429,105543.48731641899
2430,137488.06704411627
2431,93510.63170750593
2432,149385.4302591371
2433,148072.97442296575
2434,148972.31193067055
2435,165823.53494340245
2436,111835.81571783709
2437,94987.7191845839
2438,110888.68713315295
2439,107304.28879296588
2440,125522.76135175207
2441,105505.27477111886
2442,90023.19093734684
2443,137558.22165680488
2444,115229.86530727985
2445,75026.95678840321
2446,141565.36062474092
2447,184502.73205347537
2448,135118.0186492312
2449,113106.673297682
2450,153010.61957223565
2451,120733.41549148338
2452,191193.5722013277
2453,93314.83864229675
2454,109967.68216556245
2455,111234.58519027979
2456,154431.13695341675
2457,131956.58493328872
2458,133367.30097454268
2459,109224.96424617896
2460,145315.83921641292
2461,135393.27362662536
2462,135950.61891819278
2463,129309.14108013533
2464,182480.7424995036
2465,142256.67812002692
2466,112956.70235217082
2467,141546.73566537636
2468,64087.000743517594
2469,65971.79153522779
2470,206489.07672015045
2471,218981.56661575977
2472,179147.9975561871
2473,122510.85594973683
2474,62394.81783885689
2475,229033.10848559724
2476,103027.75195483162
2477,108924.89784221457
2478,149328.38855334482
2479,105630.70419296931
2480,155928.4930637726
2481,121829.43006008714
2482,117309.09216631745
2483,104383.9533767525
2484,122987.97608472606
2485,127039.18138263526
2486,159452.35961390552
2487,180871.77158484532
2488,155676.83875056898
2489,155255.71686154546
2490,144833.71477905902
2491,100598.01315314877
2492,176838.47051128934
2493,150844.71480185608
2494,153763.47818946934
2495,91686.4068374902
2496,238954.2207150908
2497,166465.22447383028
2498,101342.00337814553
2499,77998.7874195626
2500,114346.01114214948
2501,148335.87694835186
2502,159787.21093532475
2503,93745.34395650084
2504,199059.0311233132
2505,217932.48381315672
2506,240185.34643384122
2507,265886.93100038596
2508,240431.7555387573
2509,214979.75643436477
2510,206587.69913544448
2511,178528.6104981753
2512,223145.60887421833
2513,217910.36541887774
2514,303343.52585855394
2515,142464.47054218664
2516,174460.2073720398
2517,150099.26945188697
2518,149635.6588571712
2519,234078.652484956
2520,212476.46763475536
2521,191655.6536866759
2522,220922.29715478685
2523,127561.65653569762
2524,129735.81178065529
2525,140307.56046421107
2526,136730.0932362475
2527,109068.27837092371
2528,123656.17477059049
2529,149836.12874746777
2530,127228.93195338818
2531,262244.55460604734
2532,225979.0867207329
2533,198931.86383401445
2534,244039.4473535635
2535,288005.1469727326
2536,229530.70557815046
2537,235907.6326780435
2538,179705.970598688
2539,195886.63784302908
2540,178125.20100431927
2541,181182.2651640005
2542,172222.7216133041
2543,141933.9526813307
2544,121632.06262897595
2545,130288.5243947441
2546,131617.7279120044
2547,148642.69009821987
2548,167689.63539997238
2549,161816.58131059606
2550,695466.6119766159
2551,151307.96654265246
2552,134250.11913677317
2553,51542.050174432414
2554,88450.21041596826
2555,107169.55758049879
2556,88754.72090536097
2557,111680.15487591649
2558,174733.21211588528
2559,144519.05594742708
2560,144879.85471587325
2561,147115.65830607194
2562,145860.42657025805
2563,155253.30289414217
2564,189555.56548925844
2565,141323.5710589166
2566,156843.42884876195
2567,136241.00300652793
2568,212599.53540338983
2569,214993.87855702898
2570,116755.60961482275
2571,197053.72510442347
2572,169252.08853939967
2573,230931.4976665401
2574,288763.0324948788
2575,135411.29059682545
2576,135425.97493066586
2577,164059.93071000796
2578,88665.04893519473
2579,38776.71140358689
2580,112957.00452560716
2581,135146.49908449803
2582,139153.91111807112
2583,283305.75434131466
2584,171351.42916322645
2585,186121.72262580824
2586,217073.102499105
2587,196899.23940344097
2588,130946.9418734729
2589,147926.300355779
2590,207005.94808378525
2591,248244.63541067415
2592,208631.0620581701
2593,245424.41520233452
2594,176474.5016964808
2595,211759.10418416152
2596,293724.2731824666
2597,194657.3339843599
2598,277919.4234324729
2599,342575.6086883022
2600,182752.84213028807
2601,143446.856438408
2602,73710.6768150257
2603,87140.56799867317
2604,88820.06185357213
2605,66729.8386531734
2606,131615.6367327225
2607,212614.50910291963
2608,200745.48119601596
2609,164400.51948804958
2610,107002.16362465164
2611,136476.25894597181
2612,152579.53905078062
2613,125293.11190138971
2614,116189.77072643182
2615,150976.26116700875
2616,144814.38348391023
2617,203288.405909952
2618,255445.7036032271
2619,209352.10744340398
2620,187949.20191751287
2621,171273.55292355298
2622,181017.41247791488
2623,233480.89058028493
2624,265071.3768622468
2625,302305.0195229992
2626,166348.20187777508
2627,185269.4108121517
2628,434307.5990605164
2629,482131.31922337244
2630,355976.1710886308
2631,450149.6538091475
2632,394196.9813973107
2633,319193.4710246367
2634,429290.39892411826
2635,149894.7078487935
2636,171970.21495668538
2637,203760.71870423612
2638,263233.0567810539
2639,179335.19186460815
2640,146805.41011396926
2641,90925.53864993989
2642,183345.28574813818
2643,108148.6629035313
2644,120117.63254388212
2645,114102.63112426303
2646,94730.58406626694
2647,109053.27085009578
2648,134474.7958501915
2649,157208.81057861363
2650,131820.81829402523
2651,129680.51071762192
2652,373598.0567074206
2653,251996.41870684997
2654,262645.28053992416
2655,404531.1278878695
2656,312522.9953099808
2657,365328.5344153371
2658,309635.0536030702
2659,315656.3909191092
2660,343911.5272972333
2661,362004.8718360386
2662,390278.1657490644
2663,271421.61283957085
2664,299803.72918728786
2665,322503.54921893944
2666,292373.22809380776
2667,172425.12728001803
2668,180799.52976459535
2669,183263.17132305194
2670,263360.77926589665
2671,181652.28073902527
2672,180429.5929893473
2673,198993.57487944892
2674,195708.148741393
2675,167427.00936376365
2676,196974.44090458896
2677,203234.69691066485
2678,245762.59942151478
2679,274672.63639041956
2680,290166.329570414
2681,409025.09982734104
2682,319929.47525086196
2683,461624.57575236645
2684,323029.4273688515
2685,323332.766368538
2686,240304.8228316519
2687,288395.238973884
2688,213823.5235589635
2689,200724.71193922192
2690,378811.64368555346
2691,197621.0941165174
2692,152248.25034238127
2693,194035.63552307474
2694,147176.97971604124
2695,193489.4722684789
2696,184050.37525790578
2697,185823.5098212852
2698,205895.10905603762
2699,168269.24932563206
2700,142981.18115256605
2701,157142.19291001392
2702,109084.51686819938
2703,142249.4613077084
2704,134084.3178239808
2705,112815.5106660538
2706,104452.96515817224
2707,125306.36900830541
2708,126675.97293117933
2709,110971.97540713934
2710,129710.31755381657
2711,301691.0700796787
2712,388384.30998543324
2713,164444.40431180643
2714,155181.69865596778
2715,178702.56675310107
2716,145695.24455616
2717,189830.1853365419
2718,218757.81501696137
2719,135054.45775230843
2720,175654.97670652557
2721,134040.2667763552
2722,178495.63520192058
2723,159705.53253638622
2724,133049.77456312504
2725,124360.61848168448
2726,139867.9982399716
2727,185272.6452048908
2728,170093.0482760931
2729,145700.02647465403
2730,145168.26067870623
2731,125565.0786783982
2732,132145.56587590746
2733,165908.69263638233
2734,156019.05983861946
2735,134654.1603276703
2736,131635.91438826852
2737,108554.20333870537
2738,127946.56729427738
2739,155105.08432561232
2740,136239.89718654595
2741,156765.74271735083
2742,164103.07363279478
2743,151951.37802979496
2744,156228.8531241237
2745,151336.45472254604
2746,123982.8670230204
2747,157793.8767703918
2748,111523.41995829898
2749,118287.43996533142
2750,117267.06381648374
2751,122750.36873450369
2752,215354.98531536583
2753,135846.6121502939
2754,230292.130533263
2755,131924.8010445806
2756,78892.69827700041
2757,53581.94539506825
2758,65546.03575345177
2759,158352.1740491417
2760,118336.40258054525
2761,138729.8515712493
2762,133242.77200125155
2763,191781.4828432513
2764,149741.73229237844
2765,282686.53882609913
2766,125167.11134794098
2767,69724.55892540504
2768,127311.87437975509
2769,135339.78145175605
2770,153685.7463108026
2771,104929.2856424067
2772,106487.73964965944
2773,165331.74878338157
2774,156275.33340441505
2775,120891.3981851718
2776,140121.9376262302
2777,140066.5886510736
2778,118913.35461506643
2779,116956.11704902964
2780,98761.89163278972
2781,89019.03015390282
2782,82879.9719395348
2783,84793.10572384855
2784,119282.87317491397
2785,137560.2661779104
2786,44700.46229224412
2787,125957.17347069347
2788,50043.892007251925
2789,174917.0438727825
2790,81951.4561627049
2791,111228.35315440698
2792,54676.98460684718
2793,157869.1501186515
2794,97277.19864909865
2795,123008.6139044132
2796,85091.33567784865
2797,236227.396355569
2798,112003.25757418221
2799,112227.00398703414
2800,65542.6818349959
2801,110535.25756072233
2802,123601.0166812131
2803,180870.02057313663
2804,140054.5344708517
2805,101943.84314241144
2806,69384.44904833479
2807,168147.2648720738
2808,152698.41471503096
2809,128721.93682566605
2810,132487.02175377114
2811,162518.23314256646
2812,173251.33569398866
2813,158733.22555148593
2814,160229.55395422812
2815,91937.5175695878
2816,231188.13467448961
2817,148538.33516713083
2818,128894.74736357648
2819,168379.4557546244
2820,145702.57721586802
2821,115321.19186631666
2822,194410.1508063757
2823,336418.93452973524
2824,186236.48285750762
2825,151222.66491468856
2826,136615.13566503327
2827,146993.50631672185
2828,256404.63816363242
2829,208360.96643645945
2830,219702.200969116
2831,187883.7809147322
2832,244721.3916678146
2833,305710.84445948456
2834,224949.30833601445
2835,227635.79335337784
2836,203441.16187618455
2837,174013.77887674366
2838,149929.48611338393
2839,172320.54940426614
2840,205837.5989959048
2841,205030.9493214074
2842,226768.49877012207
2843,154611.91204351137
2844,171873.8783839694
2845,130682.75721926418
2846,208849.8828369434
2847,201853.50774414424
2848,214167.65565757983
2849,205143.6661098946
2850,271169.6189415321
2851,219646.85923920968
2852,234512.97714321606
2853,232334.09417478496
2854,143336.15545165917
2855,207440.51804233762
2856,200914.26822130685
2857,195634.72183383378
2858,211924.88484503748
2859,101882.92095007839
2860,144243.88989483102
2861,143326.8722995458
2862,195085.4661978287
2863,144619.97022433433
2864,254126.6314563894
2865,144851.522210033
2866,163351.85293831615
2867,100061.19149599501
2868,98968.39156735902
2869,102387.05540182206
2870,128203.59143826502
2871,86788.75000790636
2872,11710.144117198419
2873,87845.92882393477
2874,143931.18049929795
2875,130517.08887600005
2876,169949.8668439232
2877,147098.28326234737
2878,183088.12029097084
2879,137945.8853246192
2880,104284.33803614725
2881,138745.73003294194
2882,180220.96703561684
2883,203431.2467355317
2884,197517.60038737356
2885,184086.23467676507
2886,243796.88255129074
2887,116211.22905617341
2888,139281.41057661717
2889,34067.89941778104
2890,64924.09443157798
2891,149239.60126370325
2892,46924.950486471454
2893,95230.10020918261
2894,47601.96031087519
2895,339057.4700442718
2896,297334.31663027435
2897,216898.60510548265
2898,148152.35249615094
2899,214643.1753574247
2900,153555.07524854006
2901,224912.79415314423
2902,203455.42389451782
2903,300108.59374934057
2904,344119.2672389485
2905,77972.2103277078
2906,206418.36470518232
2907,111550.56926028445
2908,119900.09059546588
2909,143672.53178838003
2910,68711.5818997657
2911,73043.05573352276
2912,137899.3257934086
2913,82715.6946749132
2914,70166.85722307903
2915,87377.74281838613
2916,79538.44215362893
2917,175214.33626588323
2918,107199.86227808012
2919,220619.8740458807
