Id,SalePricePred
1461,112192.22404105791
1462,155764.23970625392
1463,177568.40235076455
1464,189327.43706545883
1465,213652.33044687283
1466,170238.28019098984
1467,186982.4439474797
1468,158687.8405475473
1469,208819.7879579118
1470,114529.62298995658
1471,182114.0531312975
1472,96162.00166798083
1473,91707.29444057387
1474,141289.06248069555
1475,104865.5205985535
1476,355684.77501574345
1477,243202.97030493338
1478,312929.9947417021
1479,299951.0272155701
1480,467483.60753146745
1481,313248.48978804075
1482,207619.2028366511
1483,175236.7376510781
1484,156074.96541780338
1485,186013.86452500653
1486,197131.07431857206
1487,310488.66933636705
1488,234656.75578306237
1489,189790.71638798233
1490,249043.80363062152
1491,194355.066631038
1492,87013.0858763967
1493,195695.63371912
1494,291586.8306243532
1495,290585.01005373546
1496,235576.3468836834
1497,184975.31420572195
1498,161153.9350802642
1499,164550.81900671546
1500,159091.55180525806
1501,199423.34952717263
1502,147332.13758771258
1503,266333.50987430906
1504,241019.40780982753
1505,228329.66384392057
1506,185337.45961218388
1507,249880.77931347088
1508,190249.75573635413
1509,158159.39104937698
1510,144852.60684344472
1511,145381.52126342154
1512,181631.35356754644
1513,159084.2975689102
1514,155044.20543158887
1515,210801.25179594554
1516,161854.91411110814
1517,177268.61448226773
1518,119057.92472378068
1519,220545.24446211086
1520,120861.03695705894
1521,126204.87771832396
1522,191253.75554356404
1523,100287.46265892294
1524,122207.38441509614
1525,112535.29972562587
1526,102367.95488101171
1527,94575.72973684511
1528,143293.92384050874
1529,156302.6983213493
1530,198698.69726234427
1531,118658.58314426942
1532,98423.84315689794
1533,156050.70668828883
1534,120907.62405414062
1535,163007.5977951501
1536,97287.06574108405
1537,32978.35424415022
1538,158552.48918811718
1539,206625.59685705043
1540,115975.14566661838
1541,129799.04289381402
1542,155591.59661331883
1543,188147.37977448932
1544,89553.69026592314
1545,127612.24007092328
1546,138603.22787506698
1547,136351.17969073585
1548,147847.27668767388
1549,119025.99541883863
1550,135459.47151880313
1551,114841.9230222049
1552,134532.08725603297
1553,144693.90797298792
1554,117743.29584975183
1555,163924.71324266796
1556,62990.39345690387
1557,102616.42541730034
1558,95692.95439114398
1559,84090.48990150497
1560,140861.744236006
1561,129844.52991162217
1562,124585.9820039556
1563,122677.92160857064
1564,157286.54639245497
1565,142484.7439201507
1566,246256.86074676545
1567,67538.7422112515
1568,224347.13629535894
1569,111645.78185357264
1570,137441.21123610713
1571,120114.08273387449
1572,153835.24214821565
1573,251351.50820057583
1574,130608.42803065284
1575,243346.3634982734
1576,236418.22727908136
1577,176900.5359203916
1578,132281.26359123748
1579,136570.82339177106
1580,190488.2521120415
1581,157388.91354315486
1582,131166.2474155906
1583,280283.93757139414
1584,219284.00064644197
1585,141413.20907436768
1586,51903.47110520302
1587,108825.95120740774
1588,171237.99561425924
1589,102068.39821014774
1590,137488.10153616875
1591,89916.58823260794
1592,119479.30536458411
1593,121707.58404296069
1594,161131.22211504928
1595,111254.90386538263
1596,229027.03679514292
1597,196888.93241140433
1598,219713.4132647676
1599,191751.0580345394
1600,161550.7180302488
1601,45470.45755315898
1602,109900.65415710783
1603,66643.735458119
1604,292949.86765920924
1605,230468.29491166514
1606,157779.11347312087
1607,160777.7938468423
1608,198387.32939184672
1609,171470.2587916613
1610,147366.4918681865
1611,127304.19014931167
1612,179961.76557742845
1613,154866.4713892911
1614,145033.12716199498
1615,92937.97289242124
1616,67031.29676616684
1617,85666.43270265668
1618,118573.79786792892
1619,137738.19151056287
1620,155396.535901461
1621,130712.77434901708
1622,135249.1820321758
1623,258595.8895961982
1624,214257.21414669795
1625,107952.20840435056
1626,176145.50260155526
1627,189338.26218074185
1628,285772.53181406227
1629,178344.33215238253
1630,356780.91454467666
1631,240765.61052742795
1632,254979.81061964366
1633,173428.14129115656
1634,186536.08819763994
1635,174980.9436136568
1636,148453.3894471946
1637,196820.6933510916
1638,201215.07946048
1639,180382.31408993842
1640,253988.2661402662
1641,180960.71211582882
1642,260421.83034849958
1643,225189.22791015383
1644,227667.36435138265
1645,206678.70504375992
1646,153616.08740305898
1647,154508.69311460518
1648,122951.69815395615
1649,133948.31011997245
1650,118638.14899530105
1651,115814.70706433359
1652,99724.13304077907
1653,100976.97138227613
1654,134226.8540397917
1655,126580.85286207793
1656,130196.44568387918
1657,135395.01829658734
1658,133825.86659770226
1659,112239.77928935204
1660,154010.27079052787
1661,429797.09215328307
1662,376430.73913142434
1663,387702.56278484233
1664,482276.5200101575
1665,336488.0723991222
1666,330665.4105371613
1667,370630.4284908124
1668,357957.19681757543
1669,316892.9473767859
1670,363695.7603381523
1671,270414.50479350606
1672,401650.31859977683
1673,283510.4629893429
1674,252046.49831351038
1675,206139.13064109048
1676,205356.510649852
1677,215432.8320707825
1678,474867.69706939894
1679,384628.2504009753
1680,328854.18243256956
1681,286322.065064279
1682,321233.3986404758
1683,193190.54939861438
1684,175468.51967363586
1685,176249.35799306224
1686,161523.306381978
1687,180054.19768472604
1688,190063.4169129504
1689,194314.04740416264
1690,195102.61472607762
1691,184300.832837286
1692,261671.36849358852
1693,180596.06708712553
1694,182710.84305923755
1695,168953.1377594389
1696,265223.83150250505
1697,176028.76691229045
1698,331381.2130366672
1699,296585.9189234172
1700,265513.06037787016
1701,281784.1817444087
1702,247149.0584035294
1703,238884.66674592212
1704,275139.7070558551
1705,246894.85915772786
1706,429500.1412621198
1707,217855.26941492897
1708,201430.61029688394
1709,246756.1925098523
1710,218681.67181496936
1711,264378.75245197176
1712,239621.8969028397
1713,280834.10389532207
1714,228193.9218288686
1715,212414.78013293623
1716,184930.00703476346
1717,173103.18180904663
1718,145501.47682898625
1719,224365.5809971948
1720,246261.87925810687
1721,173520.9918897197
1722,135016.20252338608
1723,166073.57997017482
1724,197706.2325906453
1725,232242.03740056
1726,187998.83239217807
1727,141102.83049202507
1728,185037.67025672446
1729,165027.99732601838
1730,172572.74878154768
1731,116349.36488900252
1732,138488.5305432809
1733,113161.33588591215
1734,118697.40362773278
1735,139206.71693408844
1736,104637.60645304501
1737,298527.937245267
1738,252889.27311575296
1739,266943.11291435885
1740,202036.01687312566
1741,191459.92378530346
1742,182959.59262587904
1743,177075.2711811056
1744,339043.30039875366
1745,220838.0553603455
1746,242038.71866819926
1747,216651.65227121237
1748,233655.0456538215
1749,146423.72551931554
1750,145357.12027138102
1751,239065.11419684952
1752,107344.24905824097
1753,147494.08989020248
1754,202815.49773474503
1755,160327.29987572532
1756,124445.98486682327
1757,113791.35354741782
1758,145817.08129812044
1759,166340.07144475373
1760,151456.53106438287
1761,158513.4462319309
1762,185257.55902910585
1763,190024.62902259824
1764,101936.40459380162
1765,194148.5297899068
1766,184622.4044349157
1767,222156.6486622542
1768,144445.81090927948
1769,165254.811658382
1770,149247.0232786315
1771,133852.72096677998
1772,129384.291946836
1773,114519.82525250764
1774,144676.14955037273
1775,131435.60970345736
1776,123084.52429882724
1777,103825.19399172958
1778,141041.93383822383
1779,107234.70517035457
1780,182095.2740112341
1781,120498.27853250293
1782,72397.39906803703
1783,132213.11800367193
1784,81559.51965819423
1785,132017.77949874976
1786,150935.23642884617
1787,171776.88639327345
1788,47637.803808981465
1789,96754.54240336655
1790,36000.4734916872
1791,205678.32851054077
1792,159612.4187046835
1793,127058.42229491098
1794,164869.98962320515
1795,130979.14812083184
1796,147559.86975190768
1797,132175.92535133025
1798,121928.308148258
1799,106265.85313688012
1800,131234.2543390781
1801,123193.54235527084
1802,150900.04507186468
1803,162058.48344447842
1804,130127.26864210311
1805,136630.15455133264
1806,129643.30602295413
1807,144054.46044743658
1808,119138.03794517275
1809,119247.25094045863
1810,138789.70812457666
1811,94237.04935385054
1812,96645.82402182522
1813,123599.90455864828
1814,79543.28427311075
1815,34254.13741348691
1816,91432.48873135867
1817,96559.50758963996
1818,177872.82087668014
1819,144886.69775824458
1820,45518.146929756855
1821,125558.88180469975
1822,140157.1497450315
1823,30335.850999126647
1824,140883.77794304473
1825,148213.4081961931
1826,103644.69911484706
1827,98809.82513432442
1828,138622.92718027334
1829,135934.41593420625
1830,138228.9911188459
1831,155996.8191836161
1832,75214.63521490357
1833,149869.0975932753
1834,118950.35421270606
1835,127769.69170400873
1836,137362.52274824944
1837,73610.15505709521
1838,121247.37377615127
1839,101296.19408526405
1840,160498.39498702477
1841,137335.4638065421
1842,79778.3294359446
1843,130284.2641630089
1844,142904.3993323729
1845,146273.64754487417
1846,138784.65696038888
1847,177264.03404024642
1848,20441.691542325658
1849,120216.80874747894
1850,110989.58758380791
1851,159844.8764711581
1852,121541.7054197294
1853,118081.98949964537
1854,165561.79059976514
1855,147731.04291303272
1856,215429.2866225947
1857,145275.6906611474
1858,168483.30895098092
1859,125066.51823835501
1860,144333.7858008952
1861,126583.61559903152
1862,297283.2369302771
1863,295697.4488685411
1864,295712.4320550284
1865,347437.7074139836
1866,357783.7930856601
1867,220713.94435691147
1868,292792.0209248316
1869,207445.22253368085
1870,222840.35666546365
1871,256164.15421834728
1872,173809.57038548082
1873,224364.4225179322
1874,157528.56794894658
1875,208663.5302469198
1876,198079.93468932176
1877,213057.40196721265
1878,202588.73583573487
1879,120449.91804557802
1880,139249.33442564425
1881,242691.47594991463
1882,243389.76800024154
1883,190894.05278525752
1884,207293.01704845528
1885,256742.8034405671
1886,293603.8086459066
1887,215887.81578146407
1888,257846.68239512685
1889,169975.80877200712
1890,112701.07851525713
1891,145487.6139767564
1892,91901.43997077481
1893,141548.33357381518
1894,110636.51558331738
1895,141631.00929180632
1896,128748.20197189516
1897,104679.37767604348
1898,116954.15271383736
1899,166681.60430540028
1900,155893.69140798145
1901,174084.74864904652
1902,167961.55979943555
1903,225011.38220280185
1904,169019.17727917852
1905,200422.9964149075
1906,161208.00970958473
1907,244851.49885849745
1908,107604.66607521771
1909,137188.92937232042
1910,119246.67860937116
1911,240323.35878450674
1912,329609.9641814687
1913,164435.31838835785
1914,61019.44789632228
1915,338950.3087209745
1916,25996.93162320307
1917,238566.51145277295
1918,132009.26406946732
1919,170599.83948469552
1920,162253.8990289772
1921,386738.3396776642
1922,347873.15544089535
1923,233533.04956079318
1924,211326.107028724
1925,209826.59588566178
1926,382726.7575581675
1927,125032.97916625286
1928,149528.62500162385
1929,114986.69668443437
1930,128954.04258600585
1931,126703.57053654526
1932,132281.56130931815
1933,192627.70016208183
1934,183497.2232203126
1935,166424.1705087373
1936,208866.18309383641
1937,175812.6564993654
1938,172073.09803665066
1939,269883.2021014903
1940,214557.74048529338
1941,170725.04133731057
1942,181615.86969585824
1943,240044.59818563284
1944,378106.94480453245
1945,412317.22072945454
1946,144377.0107917467
1947,361509.1348140921
1948,160766.0042762512
1949,242257.01988794835
1950,189008.11546179777
1951,239563.65771792276
1952,203967.3639246313
1953,165521.2419383775
1954,190736.91741125993
1955,125411.2305213791
1956,285900.5288383857
1957,146758.26788119835
1958,272065.7691855731
1959,139122.09790505754
1960,103183.2196664685
1961,109139.16461056995
1962,95992.35487106018
1963,110792.93990655235
1964,103571.56864334067
1965,132390.0286250865
1966,133236.0604001473
1967,290550.31778565864
1968,414600.86030261044
1969,402331.41554107657
1970,411722.5200841231
1971,455924.3971787348
1972,366075.0477212038
1973,287972.82486925734
1974,342431.7724472102
1975,481775.94921779697
1976,279792.81176740496
1977,368382.5901002631
1978,344602.94406670367
1979,312016.57131792617
1980,193286.04385281715
1981,348811.77802890993
1982,212823.59031072084
1983,194394.21943744385
1984,189763.5183433182
1985,232239.19398403613
1986,210012.67308224353
1987,201469.5323111274
1988,172924.08647218728
1989,195887.6596730947
1990,211378.1534750217
1991,221148.5321706119
1992,229549.49961023446
1993,173042.54159875834
1994,248627.04261140194
1995,184448.17923160663
1996,287265.5875801731
1997,326505.28006825724
1998,317944.13502001413
1999,281464.026144385
2000,313421.5155024801
2001,276193.3165804495
2002,257666.12750419712
2003,245168.2643714118
2004,266896.087461007
2005,238853.59292550944
2006,210269.83835235742
2007,245345.8369918298
2008,217600.84550997516
2009,196664.7219193284
2010,194882.084408176
2011,150161.0958271745
2012,176613.28900558682
2013,176810.21195230458
2014,187289.21238576755
2015,203751.9457832825
2016,194144.84786497685
2017,195434.10430423252
2018,109095.11451387823
2019,142653.94207107008
2020,107439.94457054074
2021,99778.5007054162
2022,183506.24635923927
2023,144940.54446425178
2024,297769.1755145622
2025,349425.6930755498
2026,167668.26582084817
2027,156675.44990077635
2028,166367.37994401
2029,171536.01273032662
2030,263780.9748533488
2031,237430.0240477334
2032,265827.8957603741
2033,260848.3171566908
2034,180904.02937118156
2035,230794.53093679342
2036,204642.9365404044
2037,209300.97573207362
2038,329151.3354371821
2039,218742.4557067135
2040,309110.36885955813
2041,304170.567742003
2042,210895.9931981428
2043,166039.31278693015
2044,173183.11888032884
2045,195806.49150083447
2046,132417.1633047792
2047,153619.1571971985
2048,136843.17727594633
2049,129823.82092336171
2050,170723.70088194424
2051,100458.0793214043
2052,122452.46823611739
2053,142206.411982438
2054,85184.17287466938
2055,162246.46591980447
2056,148197.2455658035
2057,107926.6483927521
2058,215157.5609688604
2059,123473.90957246294
2060,170813.44265878966
2061,195175.02174752372
2062,125376.7120541336
2063,108249.20141673659
2064,126743.95802664022
2065,112846.94708326118
2066,175237.26977358447
2067,129252.48698856789
2068,135825.3788070385
2069,86877.48521712214
2070,107367.22615340896
2071,83663.15443123163
2072,131970.87990732817
2073,138232.59125900757
2074,177756.45593136424
2075,164739.2641774527
2076,118703.68958400612
2077,159384.61415951082
2078,127826.03231667906
2079,137963.62630202167
2080,113581.25711666793
2081,124158.9903393311
2082,142777.16586124356
2083,152125.42245537127
2084,99505.44384073315
2085,111528.49940553054
2086,149780.54810483227
2087,132462.83742578345
2088,89133.06825996112
2089,61237.15139226138
2090,123452.40447864635
2091,85191.96413064413
2092,121968.50166304415
2093,156424.84283443342
2094,111302.86521364567
2095,127496.09496732721
2096,72914.34063716387
2097,92707.06240517058
2098,156038.28395936542
2099,33330.662495015174
2100,74909.0089741707
2101,93628.9264613542
2102,141275.3977579726
2103,84388.93491523575
2104,150474.48458976048
2105,133384.54926067434
2106,23915.172856173784
2107,201607.7418299211
2108,117311.3760210358
2109,104611.62461414721
2110,129570.01961744363
2111,165712.78566112905
2112,139508.64479691515
2113,131080.03015213017
2114,126987.38740793346
2115,168872.68751000543
2116,116511.97677607895
2117,151679.796837148
2118,122834.2408903231
2119,112277.6994570522
2120,113517.1963412133
2121,111311.70727367928
2122,112062.98283865425
2123,84642.56731598557
2124,179772.24172985423
2125,142017.6884573439
2126,145781.04506254804
2127,178935.95288723215
2128,140935.65760543986
2129,90761.99462791411
2130,148251.8636371936
2131,157581.68337971752
2132,104628.14542449644
2133,124766.93745203211
2134,114599.66040310281
2135,95696.00045717593
2136,47412.77190136284
2137,115210.72376767363
2138,136852.4873982984
2139,143763.7151753978
2140,143797.55558023107
2141,163521.9674266043
2142,126457.2056342084
2143,132428.47977881558
2144,125764.74315042078
2145,146660.85432361206
2146,196448.93665768066
2147,150908.0999176278
2148,138826.99778609903
2149,150546.93739972688
2150,222636.3963822156
2151,129573.2170661822
2152,195364.81019934197
2153,179239.09941518537
2154,102134.35433850033
2155,142948.7789652735
2156,266430.8121224873
2157,230146.15802484122
2158,232217.7135018602
2159,220212.12202131766
2160,176110.97172548433
2161,229265.77140245677
2162,378294.0223261196
2163,345585.4257374162
2164,244262.18618817438
2165,208321.3474369546
2166,164816.921113307
2167,235402.78853983473
2168,199707.0102506091
2169,200873.47083810173
2170,219707.45347786805
2171,168597.0630685246
2172,139743.90228887726
2173,165062.21589739583
2174,224204.24062130784
2175,267786.6423891853
2176,305905.65616701945
2177,234041.03131963816
2178,211984.9128532261
2179,144371.25105676352
2180,239066.63810602674
2181,193927.11036537163
2182,218785.66151356243
2183,190478.3248445154
2184,125220.35750536423
2185,142412.44585801003
2186,152085.6810837962
2187,149561.00022620248
2188,159512.56490799526
2189,353896.38261783554
2190,74487.2432459925
2191,63569.92261412364
2192,81372.14203779252
2193,123168.81476686193
2194,101105.33730529473
2195,100836.2472965868
2196,122212.39264613247
2197,105348.84016250572
2198,153725.82090374533
2199,174558.38925705935
2200,148785.14667423748
2201,146863.38988769153
2202,200363.37045669358
2203,145492.317015153
2204,184007.21867030865
2205,128011.62661218342
2206,149738.42251500528
2207,219806.88859252306
2208,257233.834255021
2209,240290.452642888
2210,113165.90183920681
2211,117566.1102339889
2212,120441.4932651218
2213,101483.63028722358
2214,147815.56140748697
2215,98178.57721073888
2216,159949.10164824172
2217,58165.67065745873
2218,91332.66613534724
2219,74652.32529437501
2220,45980.87841238784
2221,339697.83098544285
2222,309149.6834232286
2223,282204.9644926392
2224,204744.31282626395
2225,129304.88223849013
2226,194181.0525239655
2227,195409.2397020151
2228,278653.2581224499
2229,237462.94054180995
2230,150662.62049861407
2231,203620.98903245048
2232,168750.97446454104
2233,180629.8118664109
2234,243194.278034118
2235,239058.19055490443
2236,250734.48978641146
2237,312081.57347613876
2238,204197.45416189652
2239,125881.17225184292
2240,166137.20270815946
2241,136188.72708277655
2242,125304.57275859856
2243,131466.1702077232
2244,104315.50695148698
2245,113370.26372106287
2246,141560.0735491905
2247,125955.45665364005
2248,125468.37742196277
2249,114613.77515712549
2250,126666.784481654
2251,102706.24950471113
2252,186916.23765888726
2253,157500.12480559782
2254,173676.42467892924
2255,199434.07242609354
2256,182467.69610042294
2257,218745.8188589631
2258,153564.10769165657
2259,171512.0040324139
2260,140231.5826541513
2261,228450.446423603
2262,254055.14199265593
2263,379438.08041193907
2264,428768.3777913163
2265,184384.21668071102
2266,329282.27536820294
2267,395067.3783080494
2268,431555.13811768725
2269,149676.27078552006
2270,187807.28635575628
2271,208159.4364917965
2272,208926.6480136267
2273,155299.5709103913
2274,179755.9041977265
2275,145747.8715191827
2276,188777.86353739013
2277,192073.40787698503
2278,151888.32134921855
2279,124526.4096032055
2280,114328.25226367192
2281,155488.82736247193
2282,170735.07982126047
2283,113692.48571261484
2284,127303.35662354412
2285,136508.8210434916
2286,118744.48987145154
2287,386733.6911223334
2288,281802.44545568037
2289,335466.9451057086
2290,433157.9828933069
2291,330429.7201686887
2292,418920.1820941429
2293,449514.08382957196
2294,384618.4376005336
2295,439414.88313633966
2296,267566.9843374919
2297,373202.0567193348
2298,369040.9458512517
2299,353535.4511469991
2300,334299.81924322614
2301,314987.70022073516
2302,263303.10406553315
2303,247265.54549095174
2304,243227.95037144615
2305,205369.15688391513
2306,208293.68026031993
2307,210269.30267624397
2308,215773.7352984977
2309,310421.0620781308
2310,193124.82636552112
2311,217970.77690164858
2312,171969.99554213387
2313,177979.60149740323
2314,177109.03133673823
2315,174155.17450141703
2316,203234.41552819614
2317,196981.57802460343
2318,177561.35172339075
2319,177022.25325782815
2320,177043.49486613387
2321,242760.86761899973
2322,185048.63571748196
2323,202355.6308076052
2324,183057.71756769827
2325,203053.76770954733
2326,174389.5649406438
2327,203166.9518333719
2328,225515.53146500618
2329,191966.03017012216
2330,181221.13082995347
2331,331180.3968932942
2332,396896.90195405367
2333,318587.5817516615
2334,273949.45181082655
2335,290779.4366781047
2336,322316.3621686912
2337,208494.82968151238
2338,257417.11074680416
2339,223632.31333983503
2340,392053.61448920425
2341,210857.16483586672
2342,238183.04186910723
2343,226555.95750290644
2344,235679.0954268186
2345,230958.07399474608
2346,206405.15907943956
2347,198216.5549936317
2348,234252.78460592692
2349,183908.16666685732
2350,300226.3546030765
2351,278738.77634086955
2352,247808.4366972043
2353,256289.2521627422
2354,143083.89477609075
2355,155834.97056769754
2356,164120.62710959674
2357,190107.0834446373
2358,196738.52943354682
2359,116940.7799642082
2360,111570.47179287637
2361,152748.26867766792
2362,263485.43749866495
2363,159463.64486690718
2364,183864.78094034528
2365,211961.79838385797
2366,175132.3185236878
2367,203546.9029803748
2368,217189.2033733604
2369,195187.06018131337
2370,169744.8650516898
2371,172912.08984383472
2372,199912.66918920536
2373,281936.7984258189
2374,303816.98899709736
2375,235466.1002591402
2376,293080.7009801306
2377,332968.09980880923
2378,139882.56982293824
2379,237328.05424591998
2380,147439.0197435578
2381,165082.5900593263
2382,194628.4054240547
2383,190843.26647359048
2384,234154.60704047384
2385,155995.3865188207
2386,126669.9647634989
2387,133715.91683736735
2388,99726.62510032352
2389,110712.43646486019
2390,134733.89144872385
2391,134308.75233181083
2392,107324.06452649448
2393,161588.79664913725
2394,138956.69669139784
2395,211191.4727719369
2396,135799.11641686282
2397,217976.06354778347
2398,110746.78586948493
2399,57313.968502260555
2400,58120.95486177078
2401,126419.39083811533
2402,128053.98779832332
2403,131285.6242052089
2404,143481.4339281639
2405,150533.97736666515
2406,139393.8780955875
2407,118487.83778508354
2408,143820.22395474598
2409,97671.42515027084
2410,188125.41038170524
2411,106356.13865447252
2412,157670.06982025245
2413,121178.74511675938
2414,167713.15402501498
2415,121726.38839986813
2416,126014.05042930137
2417,118500.45715903497
2418,123609.65951324039
2419,115175.02750071959
2420,114985.59550801375
2421,153657.00918238843
2422,105444.08129896237
2423,105914.02373581425
2424,152789.9394677327
2425,219987.5216172547
2426,128660.2621566588
2427,128992.02260456132
2428,175139.12377606632
2429,105956.04700531281
2430,139463.74858166534
2431,101366.45080425726
2432,150495.75763164533
2433,149328.5407863536
2434,149649.008073341
2435,165442.30937692444
2436,119671.83314999388
2437,94049.41947824523
2438,108169.65871360837
2439,106493.03481277562
2440,123121.24868927566
2441,102726.46763310328
2442,88994.39606950642
2443,138760.90412999768
2444,111153.44658474028
2445,71723.27712832385
2446,135034.7373924708
2447,183186.19192898617
2448,132602.08164532218
2449,110134.12466566404
2450,152642.89861343484
2451,115247.05330977934
2452,197083.56093800082
2453,98620.64502599707
2454,114489.8740077021
2455,113549.38238900165
2456,154929.76587617295
2457,130683.70906690284
2458,133312.86765722206
2459,105773.08648478243
2460,145318.16280914974
2461,136735.1902433473
2462,131725.58934933896
2463,130370.17870525968
2464,182589.58097983003
2465,140161.5241110431
2466,111972.98282776427
2467,139086.33881687833
2468,64859.02415941925
2469,63093.719109184225
2470,214228.0069913438
2471,216776.26809009083
2472,175179.72403538978
2473,123686.53254308298
2474,65412.29933842737
2475,228035.03482773667
2476,109729.84793723053
2477,113356.52474478049
2478,142906.2354892414
2479,107491.93564308737
2480,150272.12027392074
2481,123542.4086415846
2482,120847.00659992282
2483,105280.0774903661
2484,124677.18187241015
2485,126854.14978066958
2486,158165.76005385147
2487,197508.11404570774
2488,155577.5985770244
2489,157265.5370819519
2490,141076.27491279485
2491,105190.70717311403
2492,175893.93237753786
2493,157521.4352042854
2494,156799.55380120018
2495,98544.61374942077
2496,237951.00091159652
2497,165452.5846969253
2498,104457.79270331305
2499,81724.65045814321
2500,111736.18790643578
2501,144878.9070199808
2502,155807.5691327007
2503,86995.18447564468
2504,190778.11361846334
2505,221455.5592055273
2506,237471.01783177804
2507,258136.74922943977
2508,237731.8149074276
2509,212143.19302300597
2510,203889.5309730756
2511,178938.8091414438
2512,225557.71818960854
2513,218693.8211422097
2514,311460.2389312532
2515,142809.68641957786
2516,176061.41086589725
2517,149495.14539642053
2518,149224.16539914382
2519,237302.8921627705
2520,214447.67906475745
2521,192603.1564907112
2522,223648.74440103682
2523,128160.37015674681
2524,125921.69065796492
2525,132787.2967898592
2526,138001.22834536238
2527,110062.98932297865
2528,124781.94326790118
2529,153986.40846426273
2530,133356.19138554996
2531,264623.0140316337
2532,227118.50235266896
2533,199703.54222479856
2534,242289.06104315846
2535,287882.5516898397
2536,231299.74329841865
2537,240735.82443367504
2538,179374.14968179283
2539,197196.4112153743
2540,175238.48453995882
2541,180063.22804747178
2542,170945.0881048969
2543,139814.69242901215
2544,117844.14647334139
2545,128546.46973607218
2546,127104.88105157176
2547,144704.37013218892
2548,170738.3133376668
2549,160622.67249315398
2550,680282.6841228033
2551,153677.50011983415
2552,132007.64915173466
2553,54290.12448548777
2554,84532.31632914786
2555,104870.79503968632
2556,88168.4943649837
2557,115131.65877888747
2558,184391.08057386166
2559,142908.62801007333
2560,145364.64678292716
2561,148586.89166309862
2562,147618.6891869733
2563,154369.09284092567
2564,192486.99808606177
2565,149531.8369505299
2566,158993.31602492108
2567,138619.2246465226
2568,203259.94139893402
2569,208369.32896410517
2570,115827.75931045575
2571,192248.69563023103
2572,170103.25680754054
2573,231313.03175543077
2574,308000.6345249858
2575,135736.70437584183
2576,132129.81970071507
2577,161057.27904492902
2578,89352.3558826051
2579,39404.383484623206
2580,112083.90568185688
2581,145889.3536267329
2582,139867.00388245308
2583,283510.9414893828
2584,164747.8985393075
2585,182318.7927238983
2586,218117.76371672808
2587,196728.88222171506
2588,131160.89834125387
2589,143798.47972831473
2590,203430.60636498514
2591,258122.61315033812
2592,205362.92710765693
2593,242024.68130495882
2594,173876.6601132368
2595,211547.9715646598
2596,289871.4957107054
2597,193278.484279813
2598,278506.6719304267
2599,340049.9650995736
2600,198828.8196743141
2601,139201.4100146377
2602,72915.83995455941
2603,91447.78862336374
2604,88841.21218012823
2605,65646.07090641552
2606,129141.27348948733
2607,212765.63973714103
2608,201928.77228983247
2609,164105.9421375001
2610,102761.01542695242
2611,135262.50679832057
2612,153260.62536250032
2613,127093.26727186794
2614,116909.55118808086
2615,150589.2995169701
2616,146175.89072572667
2617,202092.18102980655
2618,256577.11648171837
2619,207778.99194468796
2620,190772.611716263
2621,172830.86202922394
2622,183447.36377481237
2623,234039.98572285232
2624,256987.2426072285
2625,294553.6607847204
2626,166649.78977487856
2627,188685.63480269827
2628,440077.4338232326
2629,489560.6241109175
2630,358899.1411107348
2631,448501.36519422056
2632,398672.3872449607
2633,319777.70428815973
2634,433322.5271564763
2635,148857.75631597178
2636,172911.77644109417
2637,202825.08302010584
2638,269416.0569082425
2639,181896.12661190343
2640,148657.61304994157
2641,90365.02771290074
2642,179921.3641845829
2643,107243.41509862393
2644,114826.11241495378
2645,112597.96179024613
2646,94005.721802305
2647,107686.26103931712
2648,132677.10670757949
2649,157344.3195482727
2650,130163.66316607555
2651,126587.67378491044
2652,368359.9870759751
2653,250634.73076583765
2654,259149.81844887295
2655,407736.89260535274
2656,315585.8193715187
2657,362527.82015749044
2658,313949.604642206
2659,319419.5308309974
2660,341129.7425181284
2661,364374.4496589202
2662,393161.81882281473
2663,272996.5924309389
2664,299515.9545190576
2665,323392.21311911405
2666,289277.6403779023
2667,169736.172297908
2668,179578.9281408013
2669,179813.31036141177
2670,262189.669155419
2671,180501.19949879442
2672,183675.73004238048
2673,204128.54570900585
2674,199447.08349788838
2675,171533.39299630423
2676,194385.6581220201
2677,201508.2204818019
2678,245441.11906985525
2679,275647.5406554892
2680,292654.5284059817
2681,412315.4830677151
2682,319817.07970042055
2683,462218.2050633117
2684,326277.70448698784
2685,326269.38148436835
2686,239174.1523819436
2687,287262.0230373865
2688,211442.84583353842
2689,201589.42113345693
2690,375768.7963703114
2691,197471.95950801048
2692,151969.3722863239
2693,192602.6404171699
2694,146546.40387625463
2695,193891.50196194637
2696,184848.8645679979
2697,186912.75190127772
2698,207798.02430873626
2699,164976.9276181769
2700,140353.73040725986
2701,157608.6679719353
2702,110135.45780591413
2703,146809.57534851084
2704,136508.084465224
2705,113985.87634104771
2706,108467.05358826493
2707,129357.45250870516
2708,127439.85160463885
2709,111697.99641605702
2710,130263.74000419569
2711,299184.35127515433
2712,394475.9840201922
2713,165381.23089182028
2714,157066.7723039232
2715,177856.53791413174
2716,145426.2940346698
2717,199899.93612641218
2718,224084.3353822375
2719,139377.65180152736
2720,173806.18696858909
2721,135161.00586596475
2722,174271.41503468034
2723,159129.45563479146
2724,132092.13815893253
2725,127118.28431662013
2726,136577.10204280887
2727,185681.42895555554
2728,170720.904129626
2729,142021.78142667652
2730,143039.65465435656
2731,127597.18184778104
2732,134461.0750504464
2733,162162.43078700517
2734,151076.46757360036
2735,137182.28613122145
2736,131526.0798594178
2737,108074.88054948486
2738,121883.77019674383
2739,151637.56492353076
2740,135991.21911869998
2741,156615.762569473
2742,165601.7633473888
2743,150038.03577066053
2744,160921.0221610812
2745,150791.84738944404
2746,129127.75387974353
2747,168959.64591576674
2748,115655.32059528804
2749,118896.6211435858
2750,114144.33027204753
2751,124587.99770096417
2752,219916.0831155642
2753,136933.8665795333
2754,221821.44907074305
2755,132965.56101165726
2756,78552.35611539677
2757,54288.48444966262
2758,60298.335782445196
2759,155266.07287622752
2760,115367.58549889331
2761,137123.9834481681
2762,136142.38035891575
2763,195344.594172015
2764,155594.6008192258
2765,281225.122324492
2766,121604.95496755972
2767,76650.27744127093
2768,119493.16997735386
2769,136142.20237451873
2770,155441.4991584532
2771,106158.09196340262
2772,107422.2579556396
2773,164341.51543662805
2774,152673.45997368233
2775,113404.96070177788
2776,140323.96736109327
2777,139729.21951016152
2778,116607.31646871354
2779,115756.45655932688
2780,94771.98578282131
2781,87425.3888828105
2782,86863.34728484524
2783,77934.02690441889
2784,119785.42986199106
2785,134216.26484589512
2786,47157.05287482169
2787,123636.02419783836
2788,50141.06300811315
2789,178385.14151512424
2790,78883.93714912527
2791,110049.20524959723
2792,47567.362981830694
2793,154593.58893032814
2794,98501.47539434582
2795,122235.95823762965
2796,86285.56700761331
2797,232845.1955860253
2798,111372.03284181985
2799,111283.98917687134
2800,70577.21633666437
2801,110741.24080513715
2802,126906.4146258337
2803,180019.25633851334
2804,146577.4537149914
2805,107967.09232860958
2806,73835.56773587814
2807,169345.04479621083
2808,154484.38679129834
2809,126117.64824990359
2810,135165.18395322005
2811,163164.82890333227
2812,170499.87943359418
2813,149752.00798629606
2814,152089.37580010731
2815,93595.9224335841
2816,222999.04776077508
2817,146275.0814178504
2818,127027.1170452593
2819,174636.03996240054
2820,147182.84153295984
2821,116311.5392962991
2822,194337.78942302245
2823,336681.20597823395
2824,177393.08895759564
2825,162810.13717876218
2826,134210.16810863244
2827,145897.38571422326
2828,265237.08101063874
2829,199755.52764263132
2830,214607.48117503125
2831,187825.32541405066
2832,238591.65192429756
2833,307155.0147145817
2834,225141.10140237713
2835,224805.39158005186
2836,204279.09670141898
2837,170318.79647275983
2838,149360.29750223932
2839,174602.96306702518
2840,207595.1280975905
2841,206297.5530063174
2842,229363.12000198872
2843,155096.55786507422
2844,168060.95511544636
2845,131527.8303640361
2846,210429.98183102088
2847,204939.39027839125
2848,217663.3013460453
2849,206543.4655967664
2850,274063.2783711109
2851,219477.77943084628
2852,235198.88157834223
2853,235413.01155236963
2854,143831.7993282766
2855,207541.07703505276
2856,199732.44692742938
2857,195404.59316788474
2858,211842.88169311275
2859,98553.01244690636
2860,144232.67142549413
2861,145903.87863635193
2862,192637.84045514255
2863,144145.7093650647
2864,255566.4690411095
2865,147105.9036868777
2866,158323.15870501156
2867,97445.40019789847
2868,91350.83041887399
2869,97764.31188978483
2870,129050.01898454476
2871,83465.0863800706
2872,14255.362585266208
2873,87198.68409329803
2874,141817.51930618993
2875,133517.14310618577
2876,170133.52561706837
2877,146369.97355802887
2878,181960.8033433684
2879,136227.2849379457
2880,100321.97328576015
2881,132060.98633458852
2882,181643.77903504742
2883,204249.5183293252
2884,198979.4743526373
2885,187471.84039598185
2886,241113.42835585988
2887,118126.54876215532
2888,136960.31362866456
2889,36386.52926175484
2890,67565.67604119869
2891,150093.40468886506
2892,50866.707005827106
2893,96382.54424463115
2894,34711.24686599776
2895,343069.8152634327
2896,297983.8294867809
2897,214550.484901631
2898,140510.7077431526
2899,211665.53471738694
2900,150299.39531433818
2901,222021.59517432185
2902,205312.01522710043
2903,295561.6571901343
2904,345884.9721829113
2905,84412.20450001697
2906,205269.8663784735
2907,115200.41840359566
2908,123856.20049490275
2909,136976.52135690037
2910,66824.93642628613
2911,71519.8122705183
2912,138439.0246093582
2913,81745.75789730709
2914,68359.5869138396
2915,85172.22991671349
2916,78751.88052575952
2917,176294.34964548418
2918,102698.99483706149
2919,220327.81337755543
